[gd_scene load_steps=3 format=2]

[ext_resource path="res://Modells/TileSets/Castle1/room-2door.glb" type="PackedScene" id=1]
[ext_resource path="res://Scenes/Items/torch.tscn" type="PackedScene" id=2]

[node name="room-2door" instance=ExtResource( 1 )]

[node name="torch" parent="." index="88" instance=ExtResource( 2 )]
transform = Transform( 0.0550199, 0, 0.998485, 0, 1, 0, -0.998485, 0, 0.0550199, -5.65815, 1.79903, -0.0432323 )

[node name="torch2" parent="." index="89" instance=ExtResource( 2 )]
transform = Transform( 0.0550199, 0, 0.998485, 0, 1, 0, -0.998485, 0, 0.0550199, -5.65815, 1.79903, -3.97153 )

[node name="torch3" parent="." index="90" instance=ExtResource( 2 )]
transform = Transform( 0.0550199, 0, 0.998485, 0, 1, 0, -0.998485, 0, 0.0550199, -5.65815, 1.79903, -7.95397 )

[node name="torch4" parent="." index="91" instance=ExtResource( 2 )]
transform = Transform( 0.125108, 0, -0.992143, 0, 1, 0, 0.992143, 0, 0.125108, -3.28746, 1.79903, -7.95397 )

[node name="torch5" parent="." index="92" instance=ExtResource( 2 )]
transform = Transform( 0.125108, 0, -0.992143, 0, 1, 0, 0.992143, 0, 0.125108, -3.28746, 1.79903, -3.9761 )

[node name="torch6" parent="." index="93" instance=ExtResource( 2 )]
transform = Transform( 0.125108, 0, -0.992143, 0, 1, 0, 0.992143, 0, 0.125108, -3.28746, 1.79903, 0.0462549 )
