[gd_scene load_steps=3 format=2]

[ext_resource path="res://Modells/TileSets/Castle1/room-2door-big.glb" type="PackedScene" id=1]
[ext_resource path="res://Scenes/Items/torch.tscn" type="PackedScene" id=2]

[node name="room-2door-big" instance=ExtResource( 1 )]

[node name="torch" parent="." index="164" instance=ExtResource( 2 )]
transform = Transform( 0.132706, 0, 0.991155, 0, 1, 0, -0.991155, 0, 0.132706, -5.59419, 1.72049, 11.0225 )

[node name="torch2" parent="." index="165" instance=ExtResource( 2 )]
transform = Transform( 0.132706, 0, 0.991155, 0, 1, 0, -0.991155, 0, 0.132706, -5.59419, 1.72049, 6.94385 )

[node name="torch3" parent="." index="166" instance=ExtResource( 2 )]
transform = Transform( 0.132706, 0, 0.991155, 0, 1, 0, -0.991155, 0, 0.132706, -5.59419, 1.72049, 2.96803 )

[node name="torch4" parent="." index="167" instance=ExtResource( 2 )]
transform = Transform( 0.132706, 0, 0.991155, 0, 1, 0, -0.991155, 0, 0.132706, -5.59419, 1.72049, -1.97623 )

[node name="torch5" parent="." index="168" instance=ExtResource( 2 )]
transform = Transform( 0.132706, 0, 0.991155, 0, 1, 0, -0.991155, 0, 0.132706, -5.59419, 1.72049, -5.9471 )

[node name="torch6" parent="." index="169" instance=ExtResource( 2 )]
transform = Transform( -0.0333469, 0, -0.999444, 0, 1, 0, 0.999444, 0, -0.0333469, -3.38209, 1.72049, -5.9471 )

[node name="torch7" parent="." index="170" instance=ExtResource( 2 )]
transform = Transform( -0.0333469, 0, -0.999444, 0, 1, 0, 0.999444, 0, -0.0333469, -3.38209, 1.72049, -1.99327 )

[node name="torch8" parent="." index="171" instance=ExtResource( 2 )]
transform = Transform( -0.0333469, 0, -0.999444, 0, 1, 0, 0.999444, 0, -0.0333469, -3.38209, 1.72049, 2.94442 )

[node name="torch9" parent="." index="172" instance=ExtResource( 2 )]
transform = Transform( -0.0333469, 0, -0.999444, 0, 1, 0, 0.999444, 0, -0.0333469, -3.38209, 1.72049, 6.93174 )

[node name="torch10" parent="." index="173" instance=ExtResource( 2 )]
transform = Transform( -0.0333469, 0, -0.999444, 0, 1, 0, 0.999444, 0, -0.0333469, -3.38209, 1.72049, 10.9355 )
